1	0	4460
2	4460	11829
3	16289	13902
4	30191	3581
5	33772	1704
6	35476	607
7	36083	13922
8	50005	13447
9	63452	7535
10	70987	29568
11	100555	10029
12	110584	18612
13	129196	11784
14	140980	12156
15	153136	9376
16	162512	8845
17	171357	7150
18	178507	13992
19	192499	16551
20	209050	14697
21	223747	14203
22	237950	21572
23	259522	21224
24	280746	15193
25	295939	17983
26	313922	5010
27	318932	8051
28	326983	4646
29	331629	3499
30	335128	3936
31	339064	5047
32	344111	2250
33	346361	1888
34	348249	2504
35	350753	4304
36	355057	3298
37	358355	3170
38	361525	4249
39	365774	2809
40	368583	8384
41	376967	5954
42	382921	8266
43	391187	26667
44	417854	12006
45	429860	15360
46	445220	40213
47	485433	32906
48	518339	4949
49	523288	15287
50	538575	23277
51	561852	2067
52	563919	894
53	564813	2427
54	567240	1845
55	569085	2739
56	571824	3315
57	575139	2006
58	577145	2381
59	579526	1668
60	581194	2388
61	583582	1682
62	585264	1673
63	586937	1339
64	588276	5117
65	593393	1525
66	594918	3558
67	598476	2316
68	600792	1305
69	602097	3630
70	605727	2157
71	607884	4699
72	612583	289
73	612872	278
74	613150	289
75	613439	302
76	613741	288
77	614029	306
78	614335	4138
79	618473	2283
80	620756	2730
81	623486	4189
82	627675	8818
83	636493	5429
84	641922	245
85	642167	3286
86	645453	8601
87	654054	2748
88	656802	2400
89	659202	4311
90	663513	1989
91	665502	2686
92	668188	2117
93	670305	1419
94	671724	6599
95	678323	3276
96	681599	21046
97	702645	4876
98	707521	1610
99	709131	7386
100	716517	304
101	716821	36390
102	753211	6015
103	759226	4575
104	763801	5066
105	768867	2889
106	771756	1981
107	773737	10469
108	784206	2322
109	786528	4613
110	791141	7471
111	798612	5646
112	804258	6346
113	810604	5647
114	816251	7719
115	823970	10135
116	834105	11129
117	845234	13457
118	858691	820
119	859511	1408
120	860919	828
121	861747	1483
122	863230	816
123	864046	829
124	864875	1424
125	866299	1432
126	867731	1536
127	869267	1547
128	870814	873
129	871687	1491
130	873178	876
131	874054	1499
132	875553	1402
133	876955	864
134	877819	1427
135	879246	865
136	880111	870
137	880981	1512
138	882493	1510
139	884003	1471
140	885474	814
141	886288	833
142	887121	1429
143	888550	865
144	889415	1425
145	890840	1407
146	892247	1441
147	893688	1423
148	895111	1415
149	896526	816
150	897342	1476
151	898818	1485
152	900303	1359
153	901662	1454
154	903116	1500
155	904616	817
156	905433	1464
157	906897	1686
158	908583	1414
159	909997	1472
160	911469	1442
161	912911	1430
162	914341	1370
163	915711	1377
164	917088	881
165	917969	1515
166	919484	830
167	920314	823
168	921137	849
169	921986	812
170	922798	1534
171	924332	822
172	925154	823
173	925977	1556
174	927533	811
175	928344	1463
176	929807	1452
177	931259	828
178	932087	307
179	932394	306
180	932700	336
181	933036	295
182	933331	360
183	933691	288
184	933979	299
185	934278	280
186	934558	288
187	934846	298
188	935144	312
189	935456	273
190	935729	273
191	936002	330
192	936332	294
193	936626	256
194	936882	294
195	937176	291
196	937467	321
197	937788	324
198	938112	3622
199	941734	2564
200	944298	5104
201	949402	3703
202	953105	3793
203	956898	4823
204	961721	3710
205	965431	3289
206	968720	4540
207	973260	2812
208	976072	4810
209	980882	8196
210	989078	10038
211	999116	1303
212	1000419	7510
213	1007929	16476
214	1024405	6770
215	1031175	8755
216	1039930	5358
217	1045288	2688
218	1047976	1432
219	1049408	3830
220	1053238	3721
221	1056959	1499
222	1058458	9736
223	1068194	12152
224	1080346	8347
225	1088693	3525
226	1092218	4872
227	1097090	2090
228	1099180	2835
229	1102015	3183
230	1105198	24378
231	1129576	2012
232	1131588	2946
233	1134534	1152
234	1135686	2169
235	1137855	17665
236	1155520	14927
237	1170447	3835
238	1174282	390
239	1174672	666
240	1175338	410
241	1175748	361
242	1176109	694
243	1176803	588
244	1177391	490
245	1177881	368
246	1178249	641
247	1178890	502
248	1179392	596
249	1179988	601
250	1180589	409
251	1180998	406
252	1181404	578
253	1181982	458
254	1182440	758
255	1183198	533
256	1183731	505
257	1184236	509
258	1184745	376
259	1185121	462
260	1185583	376
261	1185959	377
262	1186336	5483
263	1191819	419
264	1192238	405
265	1192643	430
266	1193073	464
267	1193537	386
268	1193923	6477
269	1200400	14291
270	1214691	14163
271	1228854	794
272	1229648	458
273	1230106	302
274	1230408	6377
275	1236785	9971
276	1246756	7904
277	1254660	4343
278	1259003	6783
279	1265786	6237
280	1272023	3197
281	1275220	2554
282	1277774	1585
283	1279359	4019
284	1283378	3259
285	1286637	3847
286	1290484	2988
287	1293472	28745
288	1322217	7251
289	1329468	6269
290	1335737	1764
291	1337501	1799
292	1339300	1543
293	1340843	1224
294	1342067	16356
295	1358423	5334
296	1363757	2310
297	1366067	4283
298	1370350	8603
299	1378953	12566
300	1391519	3006
301	1394525	9140
302	1403665	4457
303	1408122	12616
304	1420738	10189
305	1430927	5419
306	1436346	1958
307	1438304	6973
308	1445277	6440
309	1451717	3944
310	1455661	7843
311	1463504	14084
312	1477588	4551
313	1482139	5639
314	1487778	2124
315	1489902	4167
316	1494069	3896
317	1497965	2858
318	1500823	3129
319	1503952	9387
320	1513339	4568
321	1517907	2884
322	1520791	2380
323	1523171	9636
324	1532807	4700
325	1537507	6061
326	1543568	7132
327	1550700	5266
328	1555966	3593
329	1559559	3730
330	1563289	17362
331	1580651	2396
332	1583047	4427
333	1587474	5854
334	1593328	2494
335	1595822	6474
336	1602296	3575
337	1605871	4917
338	1610788	16103
339	1626891	2572
340	1629463	3204
341	1632667	5184
342	1637851	8956
343	1646807	7046
344	1653853	8782
345	1662635	21617
346	1684252	17850
347	1702102	5380
348	1707482	5082
349	1712564	3955
350	1716519	7028
351	1723547	5859
352	1729406	2694
353	1732100	5039
354	1737139	10049
355	1747188	4489
356	1751677	4633
357	1756310	8056
358	1764366	5597
359	1769963	2397
360	1772360	4460
361	1776820	8178
362	1784998	3922
363	1788920	11532
364	1800452	8879
365	1809331	3940
366	1813271	1900
367	1815171	3983
368	1819154	4395
369	1823549	3484
370	1827033	5496
371	1832529	15793
372	1848322	31766
373	1880088	11795
374	1891883	2815
375	1894698	3534
376	1898232	2193
377	1900425	4107
378	1904532	3570
379	1908102	2481
380	1910583	9569
381	1920152	2621
382	1922773	2926
383	1925699	4143
384	1929842	3558
385	1933400	2896
386	1936296	13619
387	1949915	3386
388	1953301	977
389	1954278	3022
390	1957300	4319
391	1961619	3242
392	1964861	9879
393	1974740	7693
394	1982433	210
395	1982643	215
396	1982858	207
397	1983065	220
398	1983285	234
399	1983519	232
400	1983751	212
401	1983963	234
402	1984197	220
403	1984417	226
404	1984643	4462
405	1989105	11831
406	2000936	13904
407	2014840	3583
408	2018423	1706
409	2020129	609
410	2020738	13924
411	2034662	13449
412	2048111	7537
413	2055648	29569
414	2085217	11128
415	2096345	3372
416	2099717	7827
417	2107544	5369
418	2112913	11546
419	2124459	5220
420	2129679	16195
421	2145874	8038
422	2153912	11434
423	2165346	19991
424	2185337	9238
425	2194575	18432
426	2213007	2257
427	2215264	13021
428	2228285	10750
429	2239035	6980
430	2246015	24113
431	2270128	24086
432	2294214	7380
433	2301594	12594
434	2314188	11146
435	2325334	12665
436	2337999	1200
437	2339199	5647
438	2344846	4150
439	2348996	5181
440	2354177	18816
441	2372993	5520
442	2378513	5421
443	2383934	17797
